0.240102   --undefined--
0.250102   --undefined--
0.260102   --undefined--
0.270102   --undefined--
0.280102   --undefined--
0.290102   200.041515
0.300102   199.480219
0.310102   199.511441
0.320102   199.812963
0.330102   200.443813
0.340102   197.654352
0.350102   195.757628
0.360102   197.914462
0.370102   194.779116
0.380102   --undefined--
0.390102   --undefined--
0.400102   --undefined--
0.410102   --undefined--
0.020828   --undefined--
0.030828   --undefined--
0.040828   --undefined--
0.050828   --undefined--
0.060828   --undefined--
0.070828   --undefined--
0.080828   --undefined--
0.090828   --undefined--
0.100828   300.627376
0.110828   293.764249
0.120828   285.470779
0.130828   289.259109
0.140828   292.303650
0.150828   288.261492
0.160828   285.103821
0.170828   283.833526
0.180828   286.513749
0.190828   284.917265
0.200828   279.189061
0.210828   277.449447
0.220828   273.815114
0.230828   279.386852
0.240828   273.669148
0.250828   276.816302
0.260828   268.393909
0.270828   265.236900
0.280828   265.091525
0.290828   268.967591
0.300828   268.840428
0.912177   --undefined--
0.922177   --undefined--
0.932177   --undefined--
0.942177   --undefined--
0.952177   --undefined--
0.962177   --undefined--
0.972177   --undefined--
0.982177   --undefined--
0.992177   --undefined--
1.002177   --undefined--
1.012177   --undefined--
1.022177   --undefined--
1.032177   --undefined--
1.042177   198.114139
1.052177   196.871009
1.062177   193.453045
1.072177   192.792223
1.082177   191.853915
1.092177   185.458352
1.102177   184.509429
1.112177   183.473398
1.122177   180.976928
1.132177   178.977204
1.142177   180.853807
1.152177   182.785868
1.162177   183.868843
1.172177   183.615101
1.182177   181.162429
1.192177   180.760694
1.202177   180.713058
0.394365   --undefined--
0.404365   --undefined--
0.414365   --undefined--
0.424365   --undefined--
0.434365   --undefined--
0.444365   --undefined--
0.454365   --undefined--
0.464365   --undefined--
0.474365   --undefined--
0.484365   --undefined--
0.494365   --undefined--
0.504365   --undefined--
0.514365   --undefined--
0.524365   121.707629
0.534365   129.000022
0.544365   129.911369
0.554365   131.001261
0.564365   135.208164
0.574365   135.562570
0.584365   133.085744
0.594365   132.403719
0.604365   130.966730
0.614365   128.560397
0.624365   127.275469
0.634365   127.787375
0.644365   125.239183
0.654365   122.192709
0.664365   119.893551
0.674365   118.879298
0.684365   129.492717
0.694365   129.930059
0.704365   127.365872
0.714365   125.265555
0.724365   122.654286
0.734365   120.803690
0.744365   119.405097
0.754365   118.730211
0.764365   120.035610
0.774365   122.646811
0.424365   --undefined--
0.434365   --undefined--
0.444365   --undefined--
0.454365   --undefined--
0.464365   --undefined--
0.474365   --undefined--
0.484365   --undefined--
0.494365   --undefined--
0.504365   --undefined--
0.514365   --undefined--
1.140159   --undefined--
1.150159   --undefined--
1.160159   212.944488
1.170159   218.756896
1.180159   218.290445
1.190159   214.418711
1.200159   209.252473
1.210159   202.479045
1.220159   --undefined--
1.230159   --undefined--
1.240159   --undefined--
1.250159   --undefined--
1.260159   --undefined--
1.270159   --undefined--
1.280159   --undefined--
1.454603   --undefined--
1.464603   --undefined--
1.474603   --undefined--
1.484603   --undefined--
1.494603   --undefined--
1.504603   --undefined--
1.514603   --undefined--
1.524603   --undefined--
1.534603   --undefined--
1.544603   --undefined--
1.554603   --undefined--
1.564603   --undefined--
1.574603   277.239816
1.584603   289.201556
1.594603   277.962900
1.604603   273.335705
1.614603   274.236441
1.624603   --undefined--
1.634603   --undefined--
1.644603   --undefined--
1.654603   --undefined--
1.664603   --undefined--
1.674603   --undefined--
1.684603   311.619923
1.694603   317.795547
1.704603   329.278030
1.714603   346.318793
1.724603   360.586992
1.734603   368.692799
1.744603   379.152666
1.754603   383.109641
1.764603   380.930941
1.774603   373.567006
1.784603   359.076701
1.794603   347.961014
1.804603   340.231131
1.814603   --undefined--
1.824603   --undefined--
1.834603   --undefined--
1.844603   --undefined--