0.023469   --undefined--
0.033469   --undefined--
0.043469   --undefined--
0.053469   --undefined--
0.063469   --undefined--
0.073469   327.395121
0.083469   322.101395
0.093469   314.760925
0.103469   311.135612
0.113469   --undefined--
0.123469   --undefined--
0.133469   --undefined--
0.143469   --undefined--
0.153469   --undefined--
0.163469   --undefined--
0.173469   350.961678
0.183469   342.317047
0.193469   332.960579
0.203469   326.905421
0.213469   --undefined--
0.223469   --undefined--
0.233469   --undefined--
0.243469   --undefined--
0.253469   --undefined--
0.263469   --undefined--
0.273469   --undefined--
0.283469   --undefined--
0.293469   --undefined--
0.303469   --undefined--
0.313469   --undefined--
0.323469   --undefined--
0.333469   224.321471
0.343469   216.010157
0.353469   212.432288
0.363469   210.900257
0.373469   209.920439
0.383469   207.807245
0.393469   204.274051
0.403469   198.635339
0.413469   194.202789
0.423469   191.030323
0.433469   187.643227
0.443469   184.061302
0.453469   174.657641
0.463469   182.166653
0.473469   182.971942
0.483469   182.956193
0.493469   179.772699
0.503469   177.345457
0.513469   178.006692
0.523469   187.166782
0.533469   185.263518
0.543469   184.828779
0.553469   184.338269
0.563469   175.320605
0.573469   180.254243
0.583469   190.355181
0.593469   177.872123
0.603469   173.740726
0.613469   172.689462
0.623469   172.294896
0.633469   172.372337
0.643469   86.096861
0.653469   86.680355
0.663469   86.774922
0.673469   86.421438
0.683469   86.371291
0.693469   86.069245
0.703469   87.346463
0.713469   87.125062
0.723469   88.072872
0.733469   88.859947
0.743469   91.847405
0.753469   97.476422
0.763469   100.615515
0.773469   --undefined--
0.783469   --undefined--
0.793469   --undefined--
0.803469   266.240733
0.813469   276.819918
0.823469   285.074827
0.833469   296.333963
0.843469   312.242748
0.853469   325.374181
0.863469   347.874894
0.873469   364.265411
0.883469   388.693574
0.893469   426.062027
0.903469   447.629425
0.913469   467.906442
0.923469   485.264481
0.933469   499.434384
0.943469   254.245235
0.953469   258.001443
0.963469   260.429991
0.973469   260.993157
0.983469   260.572214
0.993469   255.094461
1.003469   248.276848
1.013469   246.451201
1.023469   250.751194
