0.022914   --undefined--
0.032914   --undefined--
0.042914   --undefined--
0.052914   245.353624
0.062914   241.349968
0.072914   241.817023
0.082914   241.791908
0.092914   236.890818
0.102914   224.194597
0.112914   206.030054
0.122914   195.952227
0.132914   185.518076
0.142914   175.902601
0.152914   168.416208
0.162914   162.726272
0.172914   157.624796
0.182914   157.852907
0.192914   160.627714
0.202914   164.736880
0.212914   168.160332
0.222914   168.673075
0.232914   167.800846
0.242914   165.685021
0.252914   161.186055
0.262914   155.913433
0.272914   155.667393
0.282914   --undefined--
0.292914   --undefined--
0.302914   --undefined--
0.312914   --undefined--
0.322914   --undefined--
0.332914   --undefined--
0.342914   164.611107
0.352914   163.115610
0.362914   159.329707
0.372914   155.723799
0.382914   150.349167
0.392914   140.202333
0.402914   137.144449
0.412914   149.535871
0.422914   --undefined--
0.432914   --undefined--
0.442914   --undefined--
0.452914   --undefined--
0.462914   --undefined--
0.472914   --undefined--
0.482914   158.897208
0.492914   155.882125
0.502914   147.505347
0.512914   134.116065
0.522914   133.552766
0.532914   131.865801
0.542914   129.296649
0.552914   127.237431
0.562914   125.524020
0.572914   108.262295
0.582914   105.472725
0.592914   127.509031
0.602914   125.245801
0.612914   124.062935
0.622914   123.390184
0.632914   122.884997
0.642914   122.083647
0.652914   120.546211
0.662914   117.847452
0.672914   116.529459
0.682914   115.175435
0.692914   113.929919
0.702914   112.720429
0.712914   110.984200
0.722914   109.662673
0.732914   107.477728
0.742914   102.792550
0.752914   100.937219
0.762914   99.504386
0.772914   98.858719
0.782914   98.272421
0.792914   97.593940
0.802914   93.159754
0.812914   88.532183
0.822914   85.998861
0.832914   84.640426
0.842914   87.679072
0.852914   85.950295
0.862914   85.880140
0.872914   89.097355
0.882914   88.870649
0.892914   90.509656
0.902914   92.118806
0.912914   92.207233
0.922914   91.720433
0.932914   92.353122
0.942914   92.634549
0.952914   92.104431
0.962914   92.877832
0.972914   93.244255
0.982914   93.422502
0.992914   93.289064
1.002914   92.987330
1.012914   93.646422
1.022914   90.975946
1.032914   91.623689
1.042914   93.641656
1.052914   101.075081
1.062914   --undefined--
1.072914   --undefined--
1.082914   --undefined--
1.092914   --undefined--
1.102914   --undefined--
1.112914   --undefined--
1.122914   --undefined--
1.132914   --undefined--
1.142914   --undefined--
1.152914   --undefined--
1.162914   --undefined--
1.172914   --undefined--
