Time_s   F0_Hz
0.020351   140.526084
0.030351   144.180142
0.040351   146.980168
0.050351   146.813390
0.060351   143.675651
0.070351   144.643205
0.080351   146.875253
0.090351   148.548106
0.100351   149.450752
0.110351   152.626571
0.120351   151.587618
0.130351   149.381614
0.140351   146.622907
0.150351   144.780299
0.160351   143.509918
0.170351   143.046352
0.180351   141.470296
0.190351   142.464017
0.200351   143.331883
0.210351   144.406369
0.220351   144.982115
0.230351   144.750607
0.240351   --undefined--
0.250351   --undefined--
0.260351   --undefined--
0.270351   --undefined--
0.280351   151.229009
0.290351   144.171932
0.300351   142.647926
0.310351   141.184698
0.320351   145.064405
0.330351   145.438738
0.340351   147.627313
0.350351   145.437567
0.360351   144.606777
0.370351   162.914268
0.380351   140.473664
0.390351   139.797859
0.400351   137.807453
0.410351   137.298528
0.420351   138.145413
0.430351   136.024715
0.440351   139.430804
0.450351   --undefined--
0.460351   --undefined--
0.470351   138.979083
0.480351   139.611076
0.490351   --undefined--
0.500351   --undefined--
0.510351   --undefined--
0.520351   --undefined--
0.530351   141.019745
0.540351   140.135721
0.550351   138.628943
0.560351   141.834551
0.570351   143.000624
0.580351   144.095426
0.590351   --undefined--
0.600351   --undefined--
0.610351   --undefined--
0.620351   --undefined--
0.630351   --undefined--
0.640351   --undefined--
0.650351   --undefined--
0.660351   --undefined--
0.670351   138.702988
0.680351   139.350985
0.690351   138.535693
0.700351   137.146126
0.710351   136.172526
0.720351   135.299449
0.730351   134.382783
0.740351   138.804906
0.750351   136.960046
0.760351   134.226911
0.770351   132.320993
0.780351   130.848239
0.790351   129.855889
0.800351   128.647644
0.810351   127.840281
0.820351   126.710132
0.830351   124.767680
0.840351   125.248531
0.850351   124.857557
0.860351   126.317352
0.870351   128.196075
0.880351   130.632778
0.890351   132.279694
0.900351   131.185898
0.910351   127.595397
0.920351   126.494701
0.930351   128.752830
0.940351   127.344666
0.950351   125.435523
0.960351   123.888367
0.970351   122.321998
0.980351   123.135352
0.990351   127.053061
1.000351   --undefined--
1.010351   --undefined--
1.020351   --undefined--
1.030351   124.135273
1.040351   125.864052
1.050351   124.537436
1.060351   123.821590
1.070351   123.959054
1.080351   123.692785
1.090351   125.640811
1.100351   --undefined--
1.110351   --undefined--
1.120351   --undefined--
1.130351   --undefined--
1.140351   --undefined--
1.150351   128.606380
1.160351   130.880153
1.170351   130.449477
1.180351   129.634471
1.190351   128.984775
1.200351   128.084234
1.210351   127.694533
1.220351   127.608632
1.230351   127.606615
1.240351   127.011197
1.250351   126.978263
1.260351   127.048835
1.270351   126.511854
1.280351   125.689745
1.290351   124.167068
1.300351   122.910737
1.310351   122.439613
1.320351   124.430928
1.330351   124.501068
1.340351   --undefined--
1.350351   --undefined--
1.360351   247.986147
1.370351   252.918842
1.380351   494.852379
1.390351   497.482311
1.400351   495.615987
1.410351   492.863350
1.420351   499.646439
1.430351   499.635820
1.440351   492.900402
1.450351   --undefined--
1.460351   117.159622
1.470351   116.212721
1.480351   115.488726
1.490351   115.778584
1.500351   116.609469
1.510351   116.687492
1.520351   117.613171
1.530351   119.325046
1.540351   119.929565
1.550351   119.877818
1.560351   119.742558
1.570351   119.435849
1.580351   118.599074
1.590351   117.029752
1.600351   115.903625
1.610351   115.657202
1.620351   115.691428
1.630351   116.029197
1.640351   115.269068
1.650351   113.188758
1.660351   111.567759
1.670351   111.041701
1.680351   112.001257
1.690351   111.925517
1.700351   116.107103
1.710351   123.963110
1.720351   128.154787
1.730351   128.423558
1.740351   126.579973
1.750351   125.440448
1.760351   123.938664
1.770351   122.631942
1.780351   122.135180
1.790351   121.902599
1.800351   123.430377
1.810351   124.980849
1.820351   127.864919
1.830351   129.944040
1.840351   134.404734
1.850351   132.640472
1.860351   128.261219
1.870351   125.773386
1.880351   123.108029
1.890351   121.699486
1.900351   120.982027
1.910351   119.846163
1.920351   123.190206
1.930351   123.097371
1.940351   121.728160
1.950351   122.121674
1.960351   --undefined--
1.970351   --undefined--
1.980351   --undefined--
1.990351   124.202459
2.000351   124.914914
2.010351   --undefined--
2.020351   --undefined--
2.030351   --undefined--
2.040351   --undefined--
2.050351   --undefined--
2.060351   127.517891
2.070351   126.258758
2.080351   124.707346
2.090351   123.431688
2.100351   122.650831
2.110351   123.081714
2.120351   121.941701
2.130351   120.739492
2.140351   119.696325
2.150351   120.221433
2.160351   122.899055
2.170351   121.091003
2.180351   119.403243
2.190351   118.444149
2.200351   117.494485
2.210351   116.654600
2.220351   116.297025
2.230351   116.438284
2.240351   116.650747
2.250351   117.267977
2.260351   117.447858
2.270351   117.727334
2.280351   117.461168
2.290351   116.721865
2.300351   116.017797
2.310351   116.272831
2.320351   116.437970
2.330351   117.791130
2.340351   119.037286
2.350351   118.878235
2.360351   118.184769
2.370351   118.308133
2.380351   120.942940
2.390351   119.806213
2.400351   119.056705
2.410351   118.034706
2.420351   117.289988
2.430351   117.072889
2.440351   116.970461
2.450351   116.964480
2.460351   116.934750
2.470351   115.602578
2.480351   116.245390
2.490351   115.286575
2.500351   112.029044
2.510351   111.420577
2.520351   111.337834
2.530351   111.132349
2.540351   111.233267
2.550351   111.015903
2.560351   116.819600
2.570351   123.480966
2.580351   127.198459
2.590351   125.757834
2.600351   123.947605
2.610351   122.577057
2.620351   124.400263
2.630351   124.507929
2.640351   123.542597
2.650351   122.697851
2.660351   121.561474
2.670351   120.693302
2.680351   119.320100
2.690351   115.912081
2.700351   115.249488
2.710351   114.807261
2.720351   116.815079
2.730351   117.979525
2.740351   119.651875
2.750351   120.229942
2.760351   119.784158
2.770351   118.729303
2.780351   117.433385
2.790351   116.318132
2.800351   115.910951
2.810351   115.541182
2.820351   114.405042
2.830351   113.127678
2.840351   112.527430
2.850351   112.326426
2.860351   113.196579
2.870351   113.879046
2.880351   115.200580
2.890351   115.854034
2.900351   116.865331
2.910351   --undefined--
2.920351   253.111758
2.930351   252.559658
2.940351   254.189586
2.950351   250.634953
2.960351   --undefined--
2.970351   --undefined--
2.980351   487.374079
2.990351   481.673384
3.000351   457.177272
3.010351   --undefined--
3.020351   120.349630
3.030351   119.652378
3.040351   115.966990
3.050351   113.404788
3.060351   113.054938
3.070351   113.156506
3.080351   115.655476
3.090351   115.752097
3.100351   118.682300
3.110351   121.980288
3.120351   124.748060
3.130351   125.324825
3.140351   124.057905
3.150351   121.187588
3.160351   118.885327
3.170351   122.955378
3.180351   127.514972
3.190351   131.868216
3.200351   133.407076
3.210351   132.367850
3.220351   130.598154
3.230351   129.578656
3.240351   129.717982
3.250351   129.835414
3.260351   127.887529
3.270351   127.912777
3.280351   139.419947
3.290351   140.303678
3.300351   141.853530
3.310351   144.021383
3.320351   147.191804
3.330351   148.992827
3.340351   143.656483
3.350351   145.329644
3.360351   145.870233
3.370351   145.895953
3.380351   --undefined--
3.390351   --undefined--
3.400351   --undefined--
3.410351   --undefined--
3.420351   --undefined--
3.430351   --undefined--
3.440351   193.675324
3.450351   193.364867
3.460351   195.906287
3.470351   204.748272
3.480351   215.673098
3.490351   221.430377
3.500351   221.073571
3.510351   219.134582
3.520351   215.708634
3.530351   215.894128
3.540351   218.985520
3.550351   213.104367
3.560351   --undefined--
3.570351   --undefined--
3.580351   --undefined--
3.590351   --undefined--
