Time_s   F0_Hz
0.020669   186.343566
0.030669   194.595382
0.040669   199.798578
0.050669   204.357586
0.060669   205.449582
0.070669   203.481661
0.080669   195.599420
0.090669   180.399514
0.100669   163.464600
0.110669   164.896270
0.120669   175.426285
0.130669   178.659188
0.140669   179.996933
0.150669   177.412464
0.160669   168.322354
0.170669   159.654202
0.180669   151.942453
0.190669   139.821591
0.200669   131.263225
0.210669   124.361145
0.220669   118.269251
0.230669   107.145139
0.240669   --undefined--
0.250669   --undefined--
0.260669   --undefined--
0.270669   --undefined--
0.280669   --undefined--
0.290669   139.956518
0.300669   138.064296
0.310669   134.867402
0.320669   130.238010
0.330669   121.148470
0.340669   116.811828
0.350669   114.306775
0.360669   113.338640
0.370669   113.546987
0.380669   113.967129
0.390669   114.275044
0.400669   112.803579
0.410669   108.043253
0.420669   105.013071
0.430669   103.793784
0.440669   99.096410
0.450669   95.567668
0.460669   111.972745
0.470669   112.836764
0.480669   112.729168
0.490669   111.169717
0.500669   108.838218
0.510669   107.286511
0.520669   104.639746
0.530669   102.117168
0.540669   98.901209
0.550669   93.804314
0.560669   90.999005
0.570669   89.874096
0.580669   89.752620
0.590669   92.046493
0.600669   94.328364
0.610669   96.412342
0.620669   98.083043
0.630669   98.806159
0.640669   99.286530
0.650669   98.782529
0.660669   97.666181
0.670669   96.474506
0.680669   95.448016
0.690669   94.221288
0.700669   93.464476
0.710669   93.121443
0.720669   92.237731
0.730669   91.264011
0.740669   90.637509
0.750669   89.372052
0.760669   88.643867
0.770669   87.717573
0.780669   87.726026
0.790669   87.629013
0.800669   87.541034
0.810669   87.657179
0.820669   87.405329
0.830669   87.194934
0.840669   86.556539
0.850669   84.128789
0.860669   82.934289
0.870669   --undefined--
0.880669   --undefined--
0.890669   --undefined--
0.900669   --undefined--
0.910669   --undefined--
0.920669   --undefined--
0.930669   --undefined--
0.940669   --undefined--
0.950669   --undefined--
0.960669   --undefined--
0.970669   --undefined--
0.980669   --undefined--
0.990669   --undefined--
1.000669   --undefined--
1.010669   --undefined--
1.020669   --undefined--
1.030669   --undefined--
1.040669   --undefined--
1.050669   --undefined--
1.060669   --undefined--
1.070669   --undefined--
