Time_s   F0_Hz
0.023866   203.162478
0.033866   207.969956
0.043866   209.658098
0.053866   212.269139
0.063866   216.589454
0.073866   218.301382
0.083866   221.080631
0.093866   224.584960
0.103866   227.593588
0.113866   231.909971
0.123866   235.119274
0.133866   234.796666
0.143866   230.485309
0.153866   227.784899
0.163866   228.631700
0.173866   --undefined--
0.183866   --undefined--
0.193866   --undefined--
0.203866   --undefined--
0.213866   --undefined--
0.223866   --undefined--
0.233866   --undefined--
0.243866   271.347620
0.253866   266.922341
0.263866   257.444059
0.273866   242.236883
0.283866   238.464410
0.293866   236.190711
0.303866   233.232621
0.313866   231.152217
0.323866   235.928026
0.333866   250.208676
0.343866   250.734544
0.353866   249.863867
0.363866   242.966386
0.373866   234.987869
0.383866   229.338422
0.393866   225.251880
0.403866   225.817456
0.413866   226.574261
0.423866   229.951646
0.433866   227.039033
0.443866   226.677343
0.453866   226.520879
0.463866   225.284002
0.473866   225.628606
0.483866   231.866576
0.493866   242.264417
0.503866   244.217412
0.513866   239.733846
0.523866   241.395317
0.533866   243.487306
0.543866   248.556774
0.553866   256.051060
0.563866   264.050645
0.573866   271.619926
0.583866   273.109454
0.593866   271.147240
0.603866   267.355582
0.613866   258.751300
0.623866   259.517397
0.633866   259.169665
0.643866   --undefined--
0.653866   --undefined--
0.663866   --undefined--
0.673866   --undefined--
0.683866   --undefined--
0.693866   --undefined--
0.703866   --undefined--
0.713866   --undefined--
0.723866   --undefined--
0.733866   --undefined--
0.743866   278.139529
0.753866   277.208452
0.763866   271.968586
0.773866   261.049069
0.783866   257.220632
0.793866   258.216994
0.803866   258.656056
0.813866   258.360045
0.823866   257.433541
0.833866   253.484669
0.843866   259.183906
0.853866   260.187580
0.863866   260.912956
0.873866   260.569905
0.883866   259.861247
0.893866   260.117725
0.903866   258.273794
0.913866   258.734697
0.923866   281.871442
0.933866   274.902162
0.943866   269.671315
0.953866   262.728256
0.963866   255.272183
0.973866   250.824090
0.983866   245.554530
0.993866   241.217449
1.003866   238.297686
1.013866   235.068924
1.023866   235.111013
1.033866   234.922355
1.043866   235.645346
1.053866   235.372600
1.063866   234.409247
1.073866   235.990840
1.083866   235.150064
1.093866   230.107912
1.103866   226.554352
1.113866   225.734775
1.123866   223.526956
1.133866   222.599669
1.143866   219.911386
1.153866   217.951907
1.163866   222.843670
1.173866   230.699356
1.183866   232.627562
1.193866   235.731990
1.203866   236.111999
1.213866   233.482235
1.223866   228.722938
1.233866   223.276898
1.243866   221.074188
1.253866   221.467483
1.263866   223.574424
1.273866   224.086598
1.283866   227.014449
1.293866   231.028006
1.303866   233.366220
1.313866   235.409082
1.323866   236.212857
1.333866   234.896922
1.343866   232.313672
1.353866   228.843927
1.363866   227.858534
1.373866   227.288757
1.383866   225.039086
1.393866   224.130584
1.403866   227.737778
1.413866   235.761954
1.423866   235.430277
1.433866   236.901370
1.443866   239.661642
1.453866   240.104137
1.463866   240.567784
1.473866   242.266579
1.483866   241.738611
1.493866   240.270639
1.503866   239.722848
1.513866   240.672640
1.523866   238.803074
1.533866   235.602948
1.543866   234.459003
1.553866   232.930426
1.563866   231.207344
1.573866   230.396023
1.583866   230.315863
1.593866   229.878698
1.603866   229.341448
1.613866   228.493558
1.623866   227.844779
1.633866   227.945924
1.643866   227.597216
1.653866   227.137526
1.663866   226.441185
1.673866   226.190757
1.683866   226.229261
1.693866   225.961737
1.703866   225.189050
1.713866   223.613880
1.723866   222.594685
1.733866   222.105681
1.743866   221.870268
1.753866   221.520908
1.763866   220.424380
1.773866   218.788720
1.783866   218.874393
1.793866   221.455290
1.803866   224.187437
1.813866   232.211290
1.823866   232.601646
1.833866   230.134340
1.843866   229.280280
1.853866   228.671465
1.863866   226.735257
1.873866   225.666581
1.883866   227.242562
1.893866   228.287461
1.903866   227.326859
1.913866   231.328305
1.923866   229.699840
1.933866   226.751114
1.943866   227.192242
1.953866   227.615736
1.963866   227.852725
1.973866   227.886762
1.983866   227.916461
1.993866   228.603650
2.003866   --undefined--
2.013866   230.534171
2.023866   232.194821
2.033866   229.478554
2.043866   231.407823
2.053866   233.127132
2.063866   229.557197
2.073866   231.312605
2.083866   231.482068
2.093866   --undefined--
2.103866   --undefined--
2.113866   --undefined--
2.123866   --undefined--
2.133866   --undefined--
2.143866   --undefined--
2.153866   --undefined--
2.163866   --undefined--
2.173866   --undefined--
2.183866   --undefined--
2.193866   --undefined--
2.203866   --undefined--
2.213866   --undefined--
2.223866   --undefined--
2.233866   --undefined--
2.243866   228.873401
2.253866   230.138528
2.263866   231.473934
2.273866   230.673524
2.283866   228.542098
2.293866   228.123612
2.303866   227.699350
2.313866   226.362373
2.323866   227.329328
2.333866   236.745898
2.343866   232.584565
2.353866   228.502628
2.363866   226.655761
2.373866   226.773544
2.383866   228.228532
2.393866   228.926803
2.403866   --undefined--
2.413866   --undefined--
2.423866   --undefined--
2.433866   --undefined--
2.443866   --undefined--
2.453866   --undefined--
2.463866   --undefined--
2.473866   --undefined--
2.483866   --undefined--
2.493866   --undefined--
2.503866   --undefined--
2.513866   232.690064
2.523866   231.740181
2.533866   230.943572
2.543866   227.543337
2.553866   224.002155
2.563866   219.903224
2.573866   216.333897
2.583866   212.943496
2.593866   213.481625
2.603866   221.359025
2.613866   221.881128
2.623866   222.096182
2.633866   223.022366
2.643866   223.327465
2.653866   221.450237
2.663866   219.311003
2.673866   217.102685
2.683866   214.863185
2.693866   210.131681
2.703866   210.607222
2.713866   --undefined--
2.723866   --undefined--
2.733866   --undefined--
2.743866   --undefined--
2.753866   --undefined--
2.763866   --undefined--
2.773866   --undefined--
2.783866   239.451372
2.793866   230.779582
2.803866   226.517635
2.813866   224.147566
2.823866   222.136675
2.833866   220.749644
2.843866   218.835142
2.853866   216.065339
2.863866   217.260178
2.873866   221.167620
2.883866   224.604493
2.893866   226.586627
2.903866   226.227720
2.913866   225.045071
2.923866   223.461331
2.933866   219.141136
2.943866   213.800677
2.953866   215.251563
2.963866   221.833917
2.973866   --undefined--
2.983866   --undefined--
2.993866   --undefined--
3.003866   --undefined--
3.013866   --undefined--
3.023866   232.006132
3.033866   228.101591
3.043866   224.829574
3.053866   222.436303
3.063866   219.250181
3.073866   216.974220
3.083866   212.337260
3.093866   --undefined--
3.103866   --undefined--
3.113866   --undefined--
3.123866   --undefined--
3.133866   --undefined--
3.143866   --undefined--
3.153866   --undefined--
3.163866   --undefined--
3.173866   --undefined--
3.183866   --undefined--
3.193866   --undefined--
3.203866   --undefined--
3.213866   --undefined--
3.223866   237.786137
3.233866   233.943376
3.243866   227.594535
3.253866   222.311323
3.263866   222.386796
3.273866   220.452491
3.283866   218.096963
3.293866   216.550357
3.303866   217.213943
3.313866   218.823397
3.323866   210.903591
3.333866   212.485726
3.343866   216.263268
3.353866   213.595442
3.363866   211.173097
3.373866   208.177345
3.383866   205.450922
3.393866   203.457950
3.403866   201.402531
3.413866   199.143506
3.423866   196.967688
3.433866   195.554347
3.443866   193.451488
3.453866   195.666576
3.463866   198.550764
3.473866   195.655129
3.483866   193.095481
3.493866   196.614448
3.503866   199.528951
3.513866   201.905620
3.523866   204.925753
3.533866   204.262835
3.543866   204.625388
3.553866   --undefined--
3.563866   --undefined--
3.573866   --undefined--
3.583866   --undefined--
3.593866   --undefined--
3.603866   --undefined--
3.613866   --undefined--
3.623866   --undefined--
3.633866   --undefined--
3.643866   --undefined--
3.653866   --undefined--
3.663866   --undefined--
3.673866   --undefined--
3.683866   --undefined--
3.693866   --undefined--
3.703866   --undefined--
3.713866   --undefined--
3.723866   --undefined--
3.733866   --undefined--
3.743866   --undefined--
3.753866   --undefined--
3.763866   --undefined--
3.773866   --undefined--
3.783866   --undefined--
