Time_s   F0_Hz
0.021542   --undefined--
0.031542   --undefined--
0.041542   --undefined--
0.051542   --undefined--
0.061542   --undefined--
0.071542   --undefined--
0.081542   --undefined--
0.091542   --undefined--
0.101542   --undefined--
0.111542   --undefined--
0.121542   --undefined--
0.131542   --undefined--
0.141542   --undefined--
0.151542   --undefined--
0.161542   --undefined--
0.171542   --undefined--
0.181542   --undefined--
0.191542   --undefined--
0.201542   --undefined--
0.211542   219.458016
0.221542   220.614894
0.231542   224.044203
0.241542   224.100828
0.251542   220.165097
0.261542   221.172594
0.271542   221.149649
0.281542   229.443219
0.291542   234.099413
0.301542   238.671591
0.311542   237.671415
0.321542   233.656531
0.331542   231.024757
0.341542   230.599621
0.351542   231.391052
0.361542   232.520627
0.371542   232.126853
0.381542   229.179826
0.391542   223.292484
0.401542   214.088301
0.411542   221.285754
0.421542   232.527487
0.431542   234.185432
0.441542   231.342161
0.451542   230.497281
0.461542   230.319455
0.471542   236.337857
0.481542   232.432247
0.491542   228.074741
0.501542   223.740286
0.511542   222.050369
0.521542   218.006332
0.531542   214.325581
0.541542   212.144242
0.551542   210.533902
0.561542   209.549905
0.571542   209.325746
0.581542   215.527006
0.591542   229.368893
0.601542   230.144194
0.611542   229.473584
0.621542   --undefined--
0.631542   --undefined--
0.641542   237.012412
0.651542   227.809855
0.661542   226.594918
0.671542   227.786601
0.681542   227.243145
0.691542   222.130577
0.701542   216.278465
0.711542   213.272510
0.721542   215.111146
0.731542   217.045672
0.741542   221.739982
0.751542   231.233970
0.761542   239.945484
0.771542   242.943787
0.781542   243.924781
0.791542   243.345351
0.801542   242.023715
0.811542   241.128941
0.821542   239.612950
0.831542   237.052572
0.841542   228.434557
0.851542   219.655563
0.861542   227.055528
0.871542   236.448740
0.881542   242.346866
0.891542   242.232126
0.901542   236.421786
0.911542   234.458816
0.921542   233.574498
0.931542   231.724493
0.941542   225.549185
0.951542   --undefined--
0.961542   --undefined--
0.971542   --undefined--
0.981542   --undefined--
0.991542   --undefined--
1.001542   --undefined--
1.011542   --undefined--
1.021542   242.331893
1.031542   236.597720
1.041542   231.163147
1.051542   224.348960
1.061542   224.212108
1.071542   223.508383
1.081542   222.590900
1.091542   223.238324
1.101542   224.092268
1.111542   232.637857
1.121542   --undefined--
1.131542   --undefined--
1.141542   --undefined--
1.151542   --undefined--
1.161542   --undefined--
1.171542   242.006413
1.181542   232.858316
1.191542   227.449666
1.201542   221.276600
1.211542   219.893436
1.221542   221.574495
1.231542   223.194807
1.241542   --undefined--
1.251542   --undefined--
1.261542   --undefined--
1.271542   --undefined--
1.281542   --undefined--
1.291542   --undefined--
1.301542   --undefined--
1.311542   251.272444
1.321542   240.420308
1.331542   235.327139
1.341542   231.613951
1.351542   228.188448
1.361542   225.765000
1.371542   221.781235
1.381542   226.335702
1.391542   229.859694
1.401542   230.561054
1.411542   237.406595
1.421542   237.027234
1.431542   234.597340
1.441542   234.396429
1.451542   233.821895
1.461542   231.598165
1.471542   227.008045
1.481542   217.436334
1.491542   212.105277
1.501542   208.757887
1.511542   206.675263
1.521542   209.226485
1.531542   211.607573
1.541542   217.551149
1.551542   220.995921
1.561542   222.175793
1.571542   221.267094
1.581542   220.961955
1.591542   220.743173
1.601542   220.246306
1.611542   219.778724
1.621542   218.764499
1.631542   217.450242
1.641542   216.119301
1.651542   217.769593
1.661542   218.233535
1.671542   217.272149
1.681542   217.080395
1.691542   217.672903
1.701542   218.508017
1.711542   217.664933
1.721542   216.547135
1.731542   215.961799
1.741542   215.722637
1.751542   215.653480
1.761542   215.626698
1.771542   215.301935
1.781542   214.888936
1.791542   214.421764
1.801542   214.025858
1.811542   213.601984
1.821542   213.158024
1.831542   212.749144
1.841542   212.166055
1.851542   211.002186
1.861542   209.243201
1.871542   207.848367
1.881542   211.376906
1.891542   213.376698
1.901542   215.779007
1.911542   216.964065
1.921542   215.984878
1.931542   213.707285
1.941542   215.145753
1.951542   214.983156
1.961542   --undefined--
1.971542   --undefined--
1.981542   --undefined--
1.991542   --undefined--
2.001542   --undefined--
2.011542   --undefined--
2.021542   --undefined--
2.031542   --undefined--
2.041542   --undefined--
2.051542   --undefined--
2.061542   --undefined--
2.071542   --undefined--
2.081542   --undefined--
2.091542   --undefined--
2.101542   273.097107
2.111542   263.890336
2.121542   263.949134
2.131542   262.835554
2.141542   258.593764
2.151542   258.327197
2.161542   258.718379
2.171542   258.550857
2.181542   255.949596
2.191542   --undefined--
2.201542   --undefined--
2.211542   --undefined--
2.221542   --undefined--
2.231542   --undefined--
2.241542   --undefined--
2.251542   251.226985
2.261542   239.138262
2.271542   233.666595
2.281542   229.144547
2.291542   225.122243
2.301542   214.553304
2.311542   --undefined--
2.321542   --undefined--
2.331542   --undefined--
2.341542   --undefined--
2.351542   --undefined--
2.361542   --undefined--
2.371542   --undefined--
2.381542   --undefined--
2.391542   --undefined--
2.401542   --undefined--
2.411542   221.155821
2.421542   220.101574
2.431542   216.500135
2.441542   213.073987
2.451542   209.382744
2.461542   208.236859
2.471542   209.860908
2.481542   207.004210
2.491542   206.654878
2.501542   211.841691
2.511542   216.991603
2.521542   221.017268
2.531542   217.975425
2.541542   214.073662
2.551542   211.307081
2.561542   209.625607
2.571542   208.420368
2.581542   208.706945
2.591542   209.126630
2.601542   207.677442
2.611542   206.781037
2.621542   205.981995
2.631542   204.829031
2.641542   203.879351
2.651542   203.000369
2.661542   202.292609
2.671542   202.560515
2.681542   202.957725
2.691542   203.076369
2.701542   202.189915
2.711542   201.394188
2.721542   200.808979
2.731542   203.308115
2.741542   203.696598
2.751542   --undefined--
2.761542   --undefined--
2.771542   204.107019
2.781542   201.799578
2.791542   201.845296
2.801542   --undefined--
2.811542   --undefined--
2.821542   --undefined--
2.831542   --undefined--
2.841542   --undefined--
2.851542   --undefined--
2.861542   212.694055
2.871542   209.914190
2.881542   208.806815
2.891542   207.521661
2.901542   206.272515
2.911542   205.658472
2.921542   204.802388
2.931542   203.564670
2.941542   203.662487
2.951542   212.492040
2.961542   216.901741
2.971542   221.355414
2.981542   224.342955
2.991542   223.492202
3.001542   224.190389
3.011542   225.442152
3.021542   224.975839
3.031542   226.849765
3.041542   231.764682
3.051542   237.399283
3.061542   242.438398
3.071542   242.400770
3.081542   240.530455
3.091542   241.830860
3.101542   238.731374
